NSTEP   Etot(kcal/mol) 
100 	 120.4662 
200 	 -4585.1049 
300 	 -4573.5326 
400 	 -4548.1223 
500 	 -4525.3410 
600 	 -4542.8995 
700 	 -4550.9376 
800 	 -4543.8652 
900 	 -4570.4109 
1000 	 -4550.4225 
1100 	 -4585.2078 
1200 	 -4577.3788 
1300 	 -4583.5594 
1400 	 -4605.5086 
1500 	 -4615.4200 
1600 	 -4583.6069 
1700 	 -4534.2492 
1800 	 -4571.4911 
1900 	 -4580.2937 
2000 	 -4555.4327 
2100 	 -4567.5687 
2200 	 -4566.0038 
2300 	 -4547.9737 
2400 	 -4603.6717 
2500 	 -4611.0889 
2600 	 -4694.2189 
2700 	 -4678.6558 
2800 	 -4679.2889 
2900 	 -4650.4214 
3000 	 -4637.4849 
3100 	 -4677.2461 
3200 	 -4659.6974 
3300 	 -4592.8300 
3400 	 -4622.1237 
3500 	 -4626.0868 
3600 	 -4614.5996 
3700 	 -4625.5348 
3800 	 -4569.7752 
3900 	 -4625.0792 
4000 	 -4653.4614 
4100 	 -4637.6852 
4200 	 -4643.8673 
4300 	 -4619.5255 
4400 	 -4663.3843 
4500 	 -4631.8386 
4600 	 -4680.3524 
4700 	 -4722.1579 
4800 	 -4696.5022 
4900 	 -4729.6126 
5000 	 -4703.1835 
5100 	 -4707.8668 
5200 	 -4660.0768 
5300 	 -4673.0967 
5400 	 -4656.3795 
5500 	 -4627.9210 
5600 	 -4599.7806 
5700 	 -4648.8831 
5800 	 -4649.4773 
5900 	 -4665.3345 
6000 	 -4693.9727 
6100 	 -4726.4832 
6200 	 -4744.9909 
6300 	 -4788.9469 
6400 	 -4724.8673 
6500 	 -4724.9143 
6600 	 -4685.3320 
6700 	 -4721.0018 
6800 	 -4755.1232 
6900 	 -4810.7441 
7000 	 -4796.7949 
7100 	 -4737.2496 
7200 	 -4735.1629 
7300 	 -4733.8855 
7400 	 -4781.2227 
7500 	 -4789.1473 
7600 	 -4813.7562 
7700 	 -4817.4775 
7800 	 -4822.1009 
7900 	 -4788.4856 
8000 	 -4816.5778 
8100 	 -4843.6187 
8200 	 -4867.3389 
8300 	 -4829.6258 
8400 	 -4839.4063 
8500 	 -4856.7404 
8600 	 -4827.9999 
8700 	 -4789.4960 
8800 	 -4807.4737 
8900 	 -4822.8427 
9000 	 -4841.7963 
9100 	 -4852.5445 
9200 	 -4794.1774 
9300 	 -4795.4408 
9400 	 -4843.1092 
9500 	 -4861.5219 
9600 	 -4861.1394 
9700 	 -4874.9262 
9800 	 -4895.8931 
9900 	 -4925.8895 
10000 	 -4973.8736 
10100 	 -4988.7908 
10200 	 -4945.5981 
10300 	 -4916.3219 
10400 	 -4921.4063 
10500 	 -4911.1395 
10600 	 -4874.5853 
10700 	 -4874.5310 
10800 	 -4881.8810 
10900 	 -4891.6363 
11000 	 -4896.9142 
11100 	 -4912.6121 
11200 	 -4904.3068 
11300 	 -4929.8410 
11400 	 -4953.1665 
11500 	 -4984.0176 
11600 	 -4980.7061 
11700 	 -4938.8474 
11800 	 -4963.1656 
11900 	 -4955.5246 
12000 	 -4906.5723 
12100 	 -4930.7026 
12200 	 -4928.7367 
12300 	 -4857.1610 
12400 	 -4886.8174 
12500 	 -4817.6888 
12600 	 -4872.9481 
12700 	 -4894.4047 
12800 	 -4885.6957 
12900 	 -4923.2417 
13000 	 -4897.3522 
13100 	 -4892.6689 
13200 	 -4893.3622 
13300 	 -4838.7241 
13400 	 -4836.7701 
13500 	 -4760.9359 
13600 	 -4784.3831 
13700 	 -4744.1472 
13800 	 -4728.4061 
13900 	 -4750.2233 
14000 	 -4867.9914 
14100 	 -4923.5577 
14200 	 -4897.1107 
14300 	 -4911.9463 
14400 	 -4915.2124 
14500 	 -4877.7660 
14600 	 -4853.0504 
14700 	 -4857.4078 
14800 	 -4825.9871 
14900 	 -4812.0551 
15000 	 -4846.6835 
15100 	 -4846.4495 
15200 	 -4878.3125 
15300 	 -4932.9309 
15400 	 -4942.1183 
15500 	 -4939.3920 
15600 	 -4911.1468 
15700 	 -4917.1998 
15800 	 -4925.0586 
15900 	 -4901.7294 
16000 	 -4904.7184 
16100 	 -4881.9266 
16200 	 -4853.0225 
16300 	 -4887.5130 
16400 	 -4842.1109 
16500 	 -4846.9808 
16600 	 -4862.7402 
16700 	 -4851.7519 
16800 	 -4909.4545 
16900 	 -4914.8171 
17000 	 -4915.2172 
17100 	 -4930.1387 
17200 	 -4953.7774 
17300 	 -4901.9891 
17400 	 -4905.8510 
17500 	 -4926.3257 
17600 	 -4917.3863 
17700 	 -4942.2224 
17800 	 -4952.2746 
17900 	 -4916.1854 
18000 	 -4861.9952 
18100 	 -4877.2959 
18200 	 -4826.5819 
18300 	 -4876.5468 
18400 	 -4846.8424 
18500 	 -4843.3569 
18600 	 -4842.7350 
18700 	 -4834.5641 
18800 	 -4793.4512 
18900 	 -4854.0441 
19000 	 -4874.9529 
19100 	 -4835.5704 
19200 	 -4855.0431 
19300 	 -4865.4151 
19400 	 -4846.5908 
19500 	 -4807.5877 
19600 	 -4811.5955 
19700 	 -4835.6643 
19800 	 -4846.6731 
19900 	 -4851.4884 
20000 	 -4886.9112 
20100 	 -4858.1232 
20200 	 -4869.2450 
20300 	 -4907.4877 
20400 	 -4954.8636 
20500 	 -4942.2690 
20600 	 -5004.3931 
20700 	 -4980.6333 
20800 	 -4959.0934 
20900 	 -4942.9824 
21000 	 -4882.6145 
21100 	 -4857.1325 
21200 	 -4916.5311 
21300 	 -4894.3503 
21400 	 -4912.1722 
21500 	 -4912.5805 
21600 	 -4939.9299 
21700 	 -4923.4478 
21800 	 -4885.8822 
21900 	 -4879.1104 
22000 	 -4871.2521 
22100 	 -4846.9889 
22200 	 -4870.2887 
22300 	 -4814.2051 
22400 	 -4782.7933 
22500 	 -4827.9125 
22600 	 -4849.4257 
22700 	 -4896.8849 
22800 	 -4898.4300 
22900 	 -4887.3311 
23000 	 -4920.3260 
23100 	 -4929.5851 
23200 	 -4961.0590 
23300 	 -4904.5845 
23400 	 -4913.8577 
23500 	 -4893.3502 
23600 	 -4872.0999 
23700 	 -4799.1635 
23800 	 -4844.1789 
23900 	 -4857.2238 
24000 	 -4852.7959 
24100 	 -4937.0545 
24200 	 -4932.0827 
24300 	 -4903.7197 
24400 	 -4917.5152 
24500 	 -4917.0623 
24600 	 -4929.6231 
24700 	 -4911.2961 
24800 	 -4900.8126 
24900 	 -4872.0052 
25000 	 -4894.1473 
25100 	 -4926.5634 
25200 	 -4936.8213 
25300 	 -4873.3118 
25400 	 -4926.9161 
25500 	 -4915.6954 
25600 	 -4905.3008 
25700 	 -4890.1921 
25800 	 -4882.1300 
25900 	 -4916.5499 
26000 	 -4886.9469 
26100 	 -4850.5461 
26200 	 -4859.8111 
26300 	 -4846.7970 
26400 	 -4842.1241 
26500 	 -4858.2108 
26600 	 -4826.8505 
26700 	 -4795.8374 
26800 	 -4811.9221 
26900 	 -4888.6634 
27000 	 -4909.6700 
27100 	 -4933.4484 
27200 	 -4977.5063 
27300 	 -4992.3263 
27400 	 -4977.7844 
27500 	 -4966.7665 
27600 	 -4972.1345 
27700 	 -4947.9832 
27800 	 -4974.7886 
27900 	 -4973.9220 
28000 	 -4942.2304 
28100 	 -4943.4810 
28200 	 -4932.4172 
28300 	 -4962.9499 
28400 	 -4951.6520 
28500 	 -4942.7002 
28600 	 -4982.3862 
28700 	 -4983.9897 
28800 	 -4983.2188 
28900 	 -4997.9833 
29000 	 -5056.4832 
29100 	 -5022.3178 
29200 	 -4990.2883 
29300 	 -4955.9855 
29400 	 -4922.5797 
29500 	 -4918.2425 
29600 	 -4901.2145 
29700 	 -4864.5383 
29800 	 -4869.5219 
29900 	 -4922.5511 
30000 	 -4917.4126 
30000 	 -4928.8228 
30000 	 -4829.8013 
